MeasFib
sipat201
20241003 102031 460103500
 1 3 5 7 9
 5.00805e-008 4.35627e-008 3.34943e-008 3.67385e-008 3.16476e-008        0
 3.20555e-011 1.72367e-012 3.71911e-012 6.09996e-012 2.04181e-011        0
 3.39035e-008 3.34013e-008 2.95048e-008 3.74172e-008 3.95227e-008       0
 1.59094e-011 3.7623e-012 4.3723e-012 6.58041e-012 2.69193e-011       0

MeasFib
sipat202
20241003 102259 462089600
 1 3 5 7 9
 4.9467e-008 4.32784e-008 3.85764e-008 4.77792e-008 4.66253e-008        0
 2.35549e-011 3.68526e-011 8.36086e-012 9.41675e-012 1.19444e-011        0
 2.07758e-008 2.29103e-008 2.47306e-008 3.50813e-008 3.96041e-008       0
 9.78941e-012 2.00567e-011 4.00288e-012 7.44383e-012 1.1345e-011       0

MeasFib
sipat203
20241003 102535 116651000
 1 3 5 7 9
 3.60547e-008 3.36733e-008 2.98387e-008 3.70648e-008 3.74687e-008        0
 2.55666e-011 3.21706e-011 8.13765e-012 2.90568e-012 2.41985e-012        0
 2.71047e-008 3.03641e-008 3.12699e-008 4.38066e-008 5.02633e-008       0
 1.96517e-011 2.75033e-011 1.05673e-011 9.7042e-012 9.52747e-012       0

